#开头为注释。注释后的第一行为学生数，
#注释后的第二行开始。
#学号,姓名,性别,学院和10门成绩
100
140510 洪旅玻 0 5 25 43 64 96  
140207 汪桓矶 1 2 98 68 67 62 
140908 钮达浚 1 9 72 69 70 68 
140501 邱嶙解 1 5 66 96 76 63 
140202 叶建林 1 2 71 97 76 92  
140401 巴隆九 1 4 60 89 94 70 
140901 俞法复 1 9 68 97 87 64 
140609 唐寒丛 0 6 90 61 70 94 
140110 班慷刚 1 1 53 81 89 64 
140607 鄂宽佼 1 6 63 94 97 60 
140605 施俭倍 1 6 68 77 95 97
140910 水奔横 0 9 95 89 48 76 
140109 水昌瀑 1 1 99 18 21 74
140703 潘弼宽 2 7 60 80 79 87
140310 邢端地 1 3 91 3 40 71  
140909 周桓环 1 9 19 30 21 47 
140603 柳钽钩 1 6 86 99 82 66 
140206 宓强进 1 2 79 87 81 96 
140105 毕镔百 1 1 94 60 92 97  
140601 麻俚历 1 6 65 77 64 78  
140406 黎辽利 1 4 76 74 93 71 
140902 嵇灿处 1 9 91 96 85 82  
140504 诸秉栊 1 5 71 80 60 94  
140101 荣国宏 1 1 69 80 84 88  
140103 钱复阜 1 1 66 82 76 66 
140205 雷留狄 1 2 84 80 92 90 
140010 吴祷举 0 10 100 98 93 95 
140404 解琥俚 1 4 77 95 88 100 
140005 裴桓价 1 10 63 65 79 68
140307 苏胞按 1 3 64 84 69 88 
140405 阮笃璀 1 4 79 93 90 61 
140805 司径晋 1 8 82 85 95 68  
140608 乔恳火 1 6 80 75 91 66  
140705 褚磊并 1 7 87 69 93 83 
140802 董得管 1 8 88 74 92 99 
140604 祁浜复 1 6 64 80 71 91  
140801 俞筹浩 1 8 75 79 70 90 
140903 张积京 1 9 78 65 77 82  
140502 伍煅居 1 5 99 93 88 72 
140106 童俭棰 1 1 92 60 65 87
140602 范斐畴 1 6 89 82 88 79  
140806 齐晁笃 1 8 91 91 88 85 
140905 嵇鸿连 1 9 88 98 61 66 
140204 龚贵归 1 2 85 91 87 73 
140807 米大淋 1 8 67 70 86 66 
140104 陈慷沥 1 1 70 65 83 95 
140906 贲琮看 1 9 83 61 81 74  
140402 苏嘉瀚 1 4 73 77 85 82 
140209 酆谅卢 0 2 24 56 1 62  
140409 甄宽观 2 4 74 33 91 38 
140506 班曝临 0 5 77 99 67 84 
140001 杭登陵 1 10 65 62 76 75 
140810 王理磷 1 8 89 45 27 60 
140809 花陵阜 0 8 82 99 77 96 
140610 单材洪 1 6 78 46 36 67 
140706 裘顾昂 1 7 86 79 71 64 
140308 焦科皓 0 3 64 77 69 83 
140002 范藩尖 1 10 63 63 61 66  
140007 山按率 0 10 95 74 89 75 
140309 米赋皎 0 3 83 34 44 13 
140904 邓进灏 1 9 61 92 63 65 
140305 马绸岗 1 3 79 78 80 95 
140201 郭琛矿 1 2 65 99 64 87 
140503 和策近 1 5 69 90 80 78 
140704 许焕广 1 7 89 86 62 76 
140403 邬贵键 1 4 68 69 76 71 
140009 芮瀚火 1 10 80 97 89 76 
140210 蔡峦彻 0 2 27 75 80 77 
140107 周律枫 0 1 43 69 58 98 
140304 仇晖介 1 3 81 100 67 87 
140302 郝矶里 1 3 67 83 74 85 
140407 柏洹博 0 4 86 97 97 80 
140507 祝奎斑 1 5 74 100 89 100 
140303 马觉杠 1 3 69 94 73 82 
140410 雷留君 0 4 7 63 14 82 
140301 巴廖甘 1 3 74 72 82 76 
140707 邹荆辟 1 7 88 80 72 78 
140004 米川杰 1 10 97 76 61 73 
140306 孙炮恒 0 3 91 84 95 77 
140108 屈霭季 1 1 48 96 6 10 
140710 计家诀 1 7 92 89 91 96 
140208 戴财利 1 2 78 43 77 21 
140708 赖钧瀚 1 7 95 68 96 85 
140907 成技檗 1 9 71 69 63 83 
140003 博朗百 1 10 83 97 75 86 
140509 胥勃雕 1 5 9 37 35 5 
140701 荣君锤 1 7 87 60 79 75 
140505 包畅津 1 5 93 67 76 97 
140203 双聆粮 1 2 92 100 82 89 
140008 危耿锂 0 10 90 91 84 92 
140508 孙谛波 1 5 69 78 91 98 
140102 莫柏弘 1 1 66 99 65 62 
140709 奚留绰 0 7 79 60 100 91 
140808 卓葛贵 0 8 97 73 78 85 
140803 黄保旅 1 8 80 83 70 97 
140702 诸火管 1 7 72 79 63 90 
140606 宁湖参 1 6 97 69 96 77 
140006 袁郸鹤 1 10 69 70 94 71
140408 程枫洪 0 4 51 89 29 16
140804 嵇砥加 1 8 91 72 87 61 
